{
 "cells": [
  {
   "cell_type": "markdown",
   "metadata": {},
   "source": [
    "Статья на хабре: [Методы отбора фич](https://habr.com/post/264915/)"
   ]
  },
  {
   "cell_type": "markdown",
   "metadata": {},
   "source": [
    "# 1. Imports"
   ]
  },
  {
   "cell_type": "code",
   "execution_count": 1,
   "metadata": {},
   "outputs": [],
   "source": [
    "from IPython.core.interactiveshell import InteractiveShell\n",
    "InteractiveShell.ast_node_interactivity = 'all'"
   ]
  },
  {
   "cell_type": "code",
   "execution_count": 2,
   "metadata": {},
   "outputs": [],
   "source": [
    "import pandas as pd\n",
    "import numpy as np"
   ]
  },
  {
   "cell_type": "code",
   "execution_count": 3,
   "metadata": {},
   "outputs": [],
   "source": [
    "from sklearn.datasets import load_breast_cancer, load_wine"
   ]
  },
  {
   "cell_type": "markdown",
   "metadata": {},
   "source": [
    "# 2. Data\n",
    "## 2.1. Data Import"
   ]
  },
  {
   "cell_type": "code",
   "execution_count": 4,
   "metadata": {},
   "outputs": [],
   "source": [
    "X, y = load_breast_cancer(return_X_y=True)"
   ]
  },
  {
   "cell_type": "code",
   "execution_count": 5,
   "metadata": {},
   "outputs": [
    {
     "data": {
      "text/plain": [
       "(569, 30)"
      ]
     },
     "execution_count": 5,
     "metadata": {},
     "output_type": "execute_result"
    },
    {
     "data": {
      "text/plain": [
       "(569,)"
      ]
     },
     "execution_count": 5,
     "metadata": {},
     "output_type": "execute_result"
    }
   ],
   "source": [
    "X.shape\n",
    "y.shape"
   ]
  },
  {
   "cell_type": "code",
   "execution_count": 6,
   "metadata": {},
   "outputs": [
    {
     "data": {
      "text/plain": [
       "array([[1.799e+01, 1.038e+01, 1.228e+02, ..., 2.654e-01, 4.601e-01,\n",
       "        1.189e-01],\n",
       "       [2.057e+01, 1.777e+01, 1.329e+02, ..., 1.860e-01, 2.750e-01,\n",
       "        8.902e-02],\n",
       "       [1.969e+01, 2.125e+01, 1.300e+02, ..., 2.430e-01, 3.613e-01,\n",
       "        8.758e-02],\n",
       "       ...,\n",
       "       [1.660e+01, 2.808e+01, 1.083e+02, ..., 1.418e-01, 2.218e-01,\n",
       "        7.820e-02],\n",
       "       [2.060e+01, 2.933e+01, 1.401e+02, ..., 2.650e-01, 4.087e-01,\n",
       "        1.240e-01],\n",
       "       [7.760e+00, 2.454e+01, 4.792e+01, ..., 0.000e+00, 2.871e-01,\n",
       "        7.039e-02]])"
      ]
     },
     "execution_count": 6,
     "metadata": {},
     "output_type": "execute_result"
    }
   ],
   "source": [
    "X"
   ]
  },
  {
   "cell_type": "markdown",
   "metadata": {},
   "source": [
    "# Filters\n",
    "## Informaition gain\n",
    "\n",
    "Формула энтропии:\n",
    "\n",
    "$$H(X) = - \\sum_{x_i \\in X}{p(x_i)} * \\log_{2}{p(x_i)}$$\n",
    "\n",
    "где, $p(x_i)$ — вероятность того, что переменная $X$ примет значение $x_i$.\n",
    "\n",
    "В задаче классификации эта вероятность равна относительной частоте классов. Другими словами количество наблюдений, в которых $X = x_i$, поделенное на общее число наблюдений.\n",
    "\n",
    "<font color='red'>\n",
    "Чтобы лучше понять смысл этой меры, можно представить два простых примера. Во-первых, подбрасывание монетки, у которой выпадение орла и решки равновероятны. В этом случае энтропия, рассчитанная по формуле, будет равна 1. Если же монета всегда падает исключительно орлом вверх, то энтропия будет равна 0. Иными словами высокая энтропия говорит о равномерном распределении, низкая — о каком-то более интересном.\n",
    "    \n",
    "Для расчета корреляции между переменными нам понадобится определить еще несколько мер. Первая из них — specific conditional entropy:\n",
    "</font>\n",
    "$$H(Y|X = x_i)$$\n",
    "\n",
    "<font color='red'>\n",
    "— энтропия H(Y) посчитанная только для тех записей, для которых $X = x_i$.\n",
    "</font>\n",
    "\n",
    "Формула относительной энтропии (conditional entropy):\n",
    "\n",
    "$$H(Y|X) = \\sum_{x_i \\in X}{p(x_i)} * H(Y|X = x_i)$$\n",
    "\n",
    "<font color='red'>\n",
    "Интересная такая величина не сама по себе, а ее разница с обычной энтропией фичи Y. Т.е. мера того, насколько более упорядоченной становится для нас переменная Y, если мы знаем значения X. Или, говоря проще, существует ли корреляция между значениями X и Y, и насколько она велика. Об этом говорит величина information gain:\n",
    "</font>\n",
    "\n",
    "$$IG(Y|X) = H(Y) - H(Y|X)$$\n",
    "\n",
    "<font color='red'>\n",
    "Чем больше параметр IG — тем сильнее корреляция. Таким образом, мы легко можем вычислить information gain для всех фич и выкинуть те, которые слабо влияют на целевую переменную. Тем самым, во-первых, сократив время расчета модели, а, во-вторых, уменьшив опасность переобучения.\n",
    "</font>"
   ]
  },
  {
   "cell_type": "code",
   "execution_count": 7,
   "metadata": {},
   "outputs": [],
   "source": [
    "def entropy(arr, base=None):\n",
    "    length = len(arr)\n",
    "    uniqs, freqs = np.unique(arr, return_counts=True)\n",
    "    # \n",
    "    probs = freqs / length\n",
    "    # \n",
    "    log_probs = np.log(probs)\n",
    "    # \n",
    "    if base:\n",
    "        log_probs /= np.log(base)\n",
    "    H = -sum(probs * log_probs)\n",
    "    return H\n",
    "\n",
    "def spec_cond_entropy(arr, feature, value):\n",
    "    if value in feature:\n",
    "        mask = (feature == value)\n",
    "        return entropy(arr[mask])\n",
    "    else:\n",
    "        print('There is no this value in feature')\n",
    "        \n",
    "def cond_entropy(arr, feature):\n",
    "    length = len(feature)\n",
    "    uniqs, freqs = np.unique(feature, return_counts=True)\n",
    "    # \n",
    "    probs = freqs / length\n",
    "    #\n",
    "    H_YX_xi = np.array([spec_cond_entropy(arr, feature, uniq) for uniq in uniqs])\n",
    "    H_YX = sum(probs * H_YX_xi)\n",
    "    return H_YX\n",
    "\n",
    "def information_gain(arr, feature):\n",
    "    H_Y = entropy(arr)\n",
    "    H_YX = cond_entropy(arr, feature)\n",
    "    IG_YX = H_Y - H_YX\n",
    "    return IG_YX\n",
    "\n",
    "def mutual_info_cl(X, y):\n",
    "    '''\n",
    "    Only discrete features\n",
    "    '''\n",
    "    mut_inf = np.array([information_gain(y, feature) for feature in X.T])\n",
    "    \n",
    "    return mut_inf"
   ]
  },
  {
   "cell_type": "code",
   "execution_count": 8,
   "metadata": {},
   "outputs": [],
   "source": [
    "ig_lst = []\n",
    "for feature in X.T:\n",
    "    ig_lst.append(information_gain(y, feature))"
   ]
  },
  {
   "cell_type": "code",
   "execution_count": 9,
   "metadata": {},
   "outputs": [
    {
     "data": {
      "text/plain": [
       "array([ 7, 14, 23,  6, 10, 12, 26,  3, 16,  2, 13, 15, 25, 19, 27,  5, 20,\n",
       "       22, 29, 11, 21,  0, 17, 28,  9,  1, 18,  4,  8, 24])"
      ]
     },
     "execution_count": 9,
     "metadata": {},
     "output_type": "execute_result"
    }
   ],
   "source": [
    "np.argsort(ig_lst)[::-1]"
   ]
  },
  {
   "cell_type": "code",
   "execution_count": 10,
   "metadata": {},
   "outputs": [
    {
     "data": {
      "text/plain": [
       "0.4988711330717472"
      ]
     },
     "execution_count": 10,
     "metadata": {},
     "output_type": "execute_result"
    },
    {
     "data": {
      "text/plain": [
       "0.6530072400856323"
      ]
     },
     "execution_count": 10,
     "metadata": {},
     "output_type": "execute_result"
    }
   ],
   "source": [
    "ig_lst[24]\n",
    "ig_lst[7]"
   ]
  },
  {
   "cell_type": "code",
   "execution_count": 11,
   "metadata": {
    "scrolled": true
   },
   "outputs": [
    {
     "data": {
      "text/plain": [
       "array([0.59664833, 0.57927133, 0.64234217, 0.64326176, 0.53800617,\n",
       "       0.63016032, 0.6481345 , 0.65300724, 0.50948857, 0.57959374,\n",
       "       0.64721491, 0.5990847 , 0.64569813, 0.64142258, 0.6481345 ,\n",
       "       0.6399058 , 0.64326176, 0.59513155, 0.56708948, 0.63595265,\n",
       "       0.62404558, 0.59848751, 0.62285121, 0.6481345 , 0.49887113,\n",
       "       0.63654984, 0.64477854, 0.63411347, 0.58598326, 0.61797847])"
      ]
     },
     "execution_count": 11,
     "metadata": {},
     "output_type": "execute_result"
    }
   ],
   "source": [
    "ig_arr = mutual_info_cl(X, y)\n",
    "\n",
    "ig_arr"
   ]
  },
  {
   "cell_type": "code",
   "execution_count": 12,
   "metadata": {},
   "outputs": [
    {
     "data": {
      "text/plain": [
       "array([ 7, 14, 23,  6, 10, 12, 26,  3, 16,  2, 13, 15, 25, 19, 27,  5, 20,\n",
       "       22, 29, 11, 21,  0, 17, 28,  9,  1, 18,  4,  8, 24])"
      ]
     },
     "execution_count": 12,
     "metadata": {},
     "output_type": "execute_result"
    }
   ],
   "source": [
    "ig_arr.argsort()[::-1]"
   ]
  },
  {
   "cell_type": "code",
   "execution_count": 13,
   "metadata": {},
   "outputs": [],
   "source": [
    "from sklearn.feature_selection import mutual_info_classif"
   ]
  },
  {
   "cell_type": "code",
   "execution_count": 14,
   "metadata": {},
   "outputs": [],
   "source": [
    "mut_inf = mutual_info_classif(X, y, discrete_features=True)"
   ]
  },
  {
   "cell_type": "code",
   "execution_count": 15,
   "metadata": {},
   "outputs": [
    {
     "data": {
      "text/plain": [
       "array([0.59664833, 0.57927133, 0.64234217, 0.64326176, 0.53800617,\n",
       "       0.63016032, 0.6481345 , 0.65300724, 0.50948857, 0.57959374,\n",
       "       0.64721491, 0.5990847 , 0.64569813, 0.64142258, 0.6481345 ,\n",
       "       0.6399058 , 0.64326176, 0.59513155, 0.56708948, 0.63595265,\n",
       "       0.62404558, 0.59848751, 0.62285121, 0.6481345 , 0.49887113,\n",
       "       0.63654984, 0.64477854, 0.63411347, 0.58598326, 0.61797847])"
      ]
     },
     "execution_count": 15,
     "metadata": {},
     "output_type": "execute_result"
    }
   ],
   "source": [
    "mut_inf"
   ]
  },
  {
   "cell_type": "code",
   "execution_count": 16,
   "metadata": {},
   "outputs": [
    {
     "data": {
      "text/plain": [
       "array([ 7, 14, 23,  6, 10, 12, 26,  3, 16,  2, 13, 15, 25, 19, 27,  5, 20,\n",
       "       22, 29, 11, 21,  0, 17, 28,  9,  1, 18,  4,  8, 24])"
      ]
     },
     "execution_count": 16,
     "metadata": {},
     "output_type": "execute_result"
    }
   ],
   "source": [
    "np.argsort(mut_inf)[::-1]"
   ]
  },
  {
   "cell_type": "markdown",
   "metadata": {},
   "source": [
    "## Spearman corellation coefficient\n",
    "\n",
    "$$\\rho (x, y) = \\frac{\\sum_{i}{(x_{i} - \\bar{x_{j}}}) (y_{i} - \\bar{y})}{\\sqrt{\\sum_{i}{(x_{i} - \\bar{x_{j}}})^2 \\sum_{i}(y_{i} - \\bar{y})^2}}$$"
   ]
  },
  {
   "cell_type": "code",
   "execution_count": null,
   "metadata": {},
   "outputs": [],
   "source": [
    "from scipy.stats import pearsonr"
   ]
  },
  {
   "cell_type": "code",
   "execution_count": 17,
   "metadata": {},
   "outputs": [],
   "source": [
    "def spearmen_rank_correlation(x_arr, y_arr):\n",
    "    x_mean, y_mean = np.mean(x_arr), np.mean(y_arr)\n",
    "    x_arr_centr = (x_arr - x_mean)\n",
    "    y_arr_centr = (y_arr - y_mean)\n",
    "    \n",
    "    return sum(x_arr_centr * y_arr_centr) / np.sqrt(sum(x_arr_centr ** 2) * sum(y_arr_centr ** 2))"
   ]
  },
  {
   "cell_type": "code",
   "execution_count": 19,
   "metadata": {
    "scrolled": true
   },
   "outputs": [
    {
     "data": {
      "text/plain": [
       "[-0.730028511375456,\n",
       " -0.4151852998452045,\n",
       " -0.7426355297258331,\n",
       " -0.7089838365853907,\n",
       " -0.35855996508593224,\n",
       " -0.5965336775082528,\n",
       " -0.6963597071719053,\n",
       " -0.7766138400204362,\n",
       " -0.3304985542625469,\n",
       " 0.012837602698432376,\n",
       " -0.5671338208247172,\n",
       " 0.008303332973877451,\n",
       " -0.5561407034314833,\n",
       " -0.5482359402780248,\n",
       " 0.06701601057948735,\n",
       " -0.29299924424885854,\n",
       " -0.2537297659808307,\n",
       " -0.40804233271650475,\n",
       " 0.0065217558706479415,\n",
       " -0.07797241739025611,\n",
       " -0.7764537785950394,\n",
       " -0.45690282139679833,\n",
       " -0.7829141371737588,\n",
       " -0.7338250349210514,\n",
       " -0.4214648610664028,\n",
       " -0.5909982378417925,\n",
       " -0.6596102103692342,\n",
       " -0.7935660171412697,\n",
       " -0.41629431104861936,\n",
       " -0.3238721887208241]"
      ]
     },
     "execution_count": 19,
     "metadata": {},
     "output_type": "execute_result"
    }
   ],
   "source": [
    "[spearmen_rank_correlation(x, y) for x in X.T]"
   ]
  },
  {
   "cell_type": "code",
   "execution_count": 24,
   "metadata": {},
   "outputs": [],
   "source": [
    "def corr(X_arr):\n",
    "    X_arr = np.asaray(X_arr)\n",
    "    n_cols = X_arr.shape[1]\n",
    "    corr_matrix = np.zeros((n_cols, n_cols))\n",
    "    for row in range(n_cols):\n",
    "        for col in range(n_cols):\n",
    "            corr_matrix[row, col] = spearmen_rank_correlation(X_arr[:, row], X_arr[:, col])\n",
    "    \n",
    "    return corr_matrix"
   ]
  },
  {
   "cell_type": "code",
   "execution_count": 28,
   "metadata": {},
   "outputs": [
    {
     "data": {
      "text/plain": [
       "array([[ 1.00000000e+00,  3.23781891e-01,  9.97855281e-01,\n",
       "         9.87357170e-01,  1.70581187e-01,  5.06123578e-01,\n",
       "         6.76763550e-01,  8.22528522e-01,  1.47741242e-01,\n",
       "        -3.11630826e-01,  6.79090388e-01, -9.73174431e-02,\n",
       "         6.74171616e-01,  7.35863663e-01, -2.22600125e-01,\n",
       "         2.05999980e-01,  1.94203623e-01,  3.76168956e-01,\n",
       "        -1.04320881e-01, -4.26412691e-02,  9.69538973e-01,\n",
       "         2.97007644e-01,  9.65136514e-01,  9.41082460e-01,\n",
       "         1.19616140e-01,  4.13462823e-01,  5.26911462e-01,\n",
       "         7.44214198e-01,  1.63953335e-01,  7.06588569e-03,\n",
       "        -7.30028511e-01],\n",
       "       [ 3.23781891e-01,  1.00000000e+00,  3.29533059e-01,\n",
       "         3.21085696e-01, -2.33885160e-02,  2.36702222e-01,\n",
       "         3.02417828e-01,  2.93464051e-01,  7.14009805e-02,\n",
       "        -7.64371834e-02,  2.75868676e-01,  3.86357623e-01,\n",
       "         2.81673115e-01,  2.59844987e-01,  6.61377735e-03,\n",
       "         1.91974611e-01,  1.43293077e-01,  1.63851025e-01,\n",
       "         9.12716776e-03,  5.44575196e-02,  3.52572947e-01,\n",
       "         9.12044589e-01,  3.58039575e-01,  3.43545947e-01,\n",
       "         7.75033588e-02,  2.77829592e-01,  3.01025224e-01,\n",
       "         2.95315843e-01,  1.05007910e-01,  1.19205351e-01,\n",
       "        -4.15185300e-01],\n",
       "       [ 9.97855281e-01,  3.29533059e-01,  1.00000000e+00,\n",
       "         9.86506804e-01,  2.07278164e-01,  5.56936211e-01,\n",
       "         7.16135650e-01,  8.50977041e-01,  1.83027212e-01,\n",
       "        -2.61476908e-01,  6.91765014e-01, -8.67610783e-02,\n",
       "         6.93134890e-01,  7.44982694e-01, -2.02694026e-01,\n",
       "         2.50743681e-01,  2.28082345e-01,  4.07216916e-01,\n",
       "        -8.16293270e-02, -5.52339106e-03,  9.69476363e-01,\n",
       "         3.03038372e-01,  9.70386887e-01,  9.41549808e-01,\n",
       "         1.50549404e-01,  4.55774228e-01,  5.63879263e-01,\n",
       "         7.71240789e-01,  1.89115040e-01,  5.10185297e-02,\n",
       "        -7.42635530e-01],\n",
       "       [ 9.87357170e-01,  3.21085696e-01,  9.86506804e-01,\n",
       "         1.00000000e+00,  1.77028377e-01,  4.98501682e-01,\n",
       "         6.85982829e-01,  8.23268869e-01,  1.51293079e-01,\n",
       "        -2.83109812e-01,  7.32562227e-01, -6.62802136e-02,\n",
       "         7.26628328e-01,  8.00085921e-01, -1.66776667e-01,\n",
       "         2.12582551e-01,  2.07660060e-01,  3.72320282e-01,\n",
       "        -7.24965882e-02, -1.98869632e-02,  9.62746086e-01,\n",
       "         2.87488627e-01,  9.59119574e-01,  9.59213326e-01,\n",
       "         1.23522939e-01,  3.90410309e-01,  5.12605920e-01,\n",
       "         7.22016626e-01,  1.43569914e-01,  3.73759735e-03,\n",
       "        -7.08983837e-01],\n",
       "       [ 1.70581187e-01, -2.33885160e-02,  2.07278164e-01,\n",
       "         1.77028377e-01,  1.00000000e+00,  6.59123215e-01,\n",
       "         5.21983768e-01,  5.53695173e-01,  5.57774788e-01,\n",
       "         5.84792002e-01,  3.01467098e-01,  6.84064482e-02,\n",
       "         2.96091933e-01,  2.46552432e-01,  3.32375443e-01,\n",
       "         3.18943297e-01,  2.48395680e-01,  3.80675691e-01,\n",
       "         2.00774376e-01,  2.83606699e-01,  2.13120142e-01,\n",
       "         3.60717988e-02,  2.38852626e-01,  2.06718363e-01,\n",
       "         8.05324195e-01,  4.72468444e-01,  4.34925715e-01,\n",
       "         5.03053353e-01,  3.94309482e-01,  4.99316369e-01,\n",
       "        -3.58559965e-01],\n",
       "       [ 5.06123578e-01,  2.36702222e-01,  5.56936211e-01,\n",
       "         4.98501682e-01,  6.59123215e-01,  1.00000000e+00,\n",
       "         8.83120670e-01,  8.31135043e-01,  6.02641048e-01,\n",
       "         5.65368663e-01,  4.97473446e-01,  4.62048307e-02,\n",
       "         5.48905265e-01,  4.55652852e-01,  1.35299268e-01,\n",
       "         7.38721790e-01,  5.70516871e-01,  6.42261851e-01,\n",
       "         2.29976591e-01,  5.07318127e-01,  5.35315398e-01,\n",
       "         2.48132833e-01,  5.90210428e-01,  5.09603806e-01,\n",
       "         5.65541166e-01,  8.65809040e-01,  8.16275250e-01,\n",
       "         8.15573224e-01,  5.10223430e-01,  6.87382323e-01,\n",
       "        -5.96533678e-01],\n",
       "       [ 6.76763550e-01,  3.02417828e-01,  7.16135650e-01,\n",
       "         6.85982829e-01,  5.21983768e-01,  8.83120670e-01,\n",
       "         1.00000000e+00,  9.21391026e-01,  5.00666617e-01,\n",
       "         3.36783359e-01,  6.31924822e-01,  7.62183481e-02,\n",
       "         6.60390787e-01,  6.17426806e-01,  9.85637458e-02,\n",
       "         6.70278825e-01,  6.91270208e-01,  6.83259917e-01,\n",
       "         1.78009208e-01,  4.49300749e-01,  6.88236408e-01,\n",
       "         2.99878889e-01,  7.29564917e-01,  6.75987231e-01,\n",
       "         4.48822038e-01,  7.54968016e-01,  8.84102639e-01,\n",
       "         8.61323034e-01,  4.09464127e-01,  5.14929891e-01,\n",
       "        -6.96359707e-01],\n",
       "       [ 8.22528522e-01,  2.93464051e-01,  8.50977041e-01,\n",
       "         8.23268869e-01,  5.53695173e-01,  8.31135043e-01,\n",
       "         9.21391026e-01,  1.00000000e+00,  4.62497388e-01,\n",
       "         1.66917383e-01,  6.98049834e-01,  2.14795819e-02,\n",
       "         7.10649872e-01,  6.90298540e-01,  2.76533084e-02,\n",
       "         4.90424250e-01,  4.39167068e-01,  6.15634131e-01,\n",
       "         9.53507869e-02,  2.57583746e-01,  8.30317631e-01,\n",
       "         2.92751713e-01,  8.55923128e-01,  8.09629620e-01,\n",
       "         4.52753054e-01,  6.67453677e-01,  7.52399498e-01,\n",
       "         9.10155314e-01,  3.75744145e-01,  3.68661134e-01,\n",
       "        -7.76613840e-01],\n",
       "       [ 1.47741242e-01,  7.14009805e-02,  1.83027212e-01,\n",
       "         1.51293079e-01,  5.57774788e-01,  6.02641048e-01,\n",
       "         5.00666617e-01,  4.62497388e-01,  1.00000000e+00,\n",
       "         4.79921330e-01,  3.03379263e-01,  1.28052926e-01,\n",
       "         3.13892761e-01,  2.23970219e-01,  1.87321165e-01,\n",
       "         4.21659147e-01,  3.42627023e-01,  3.93297872e-01,\n",
       "         4.49136542e-01,  3.31786146e-01,  1.85727753e-01,\n",
       "         9.06506881e-02,  2.19168559e-01,  1.77193377e-01,\n",
       "         4.26675026e-01,  4.73200013e-01,  4.33721008e-01,\n",
       "         4.30296611e-01,  6.99825798e-01,  4.38413498e-01,\n",
       "        -3.30498554e-01],\n",
       "       [-3.11630826e-01, -7.64371834e-02, -2.61476908e-01,\n",
       "        -2.83109812e-01,  5.84792002e-01,  5.65368663e-01,\n",
       "         3.36783359e-01,  1.66917383e-01,  4.79921330e-01,\n",
       "         1.00000000e+00,  1.10995073e-04,  1.64173966e-01,\n",
       "         3.98299316e-02, -9.01702475e-02,  4.01964425e-01,\n",
       "         5.59836691e-01,  4.46630322e-01,  3.41198044e-01,\n",
       "         3.45007397e-01,  6.88131577e-01, -2.53691495e-01,\n",
       "        -5.12692020e-02, -2.05151211e-01, -2.31854451e-01,\n",
       "         5.04942075e-01,  4.58798157e-01,  3.46233876e-01,\n",
       "         1.75325449e-01,  3.34018684e-01,  7.67296779e-01,\n",
       "         1.28376027e-02],\n",
       "       [ 6.79090388e-01,  2.75868676e-01,  6.91765014e-01,\n",
       "         7.32562227e-01,  3.01467098e-01,  4.97473446e-01,\n",
       "         6.31924822e-01,  6.98049834e-01,  3.03379263e-01,\n",
       "         1.10995073e-04,  1.00000000e+00,  2.13247337e-01,\n",
       "         9.72793677e-01,  9.51830112e-01,  1.64514220e-01,\n",
       "         3.56064576e-01,  3.32357538e-01,  5.13346441e-01,\n",
       "         2.40567362e-01,  2.27753533e-01,  7.15065195e-01,\n",
       "         1.94798557e-01,  7.19683804e-01,  7.51548476e-01,\n",
       "         1.41918553e-01,  2.87103166e-01,  3.80584635e-01,\n",
       "         5.31062328e-01,  9.45428304e-02,  4.95594325e-02,\n",
       "        -5.67133821e-01],\n",
       "       [-9.73174431e-02,  3.86357623e-01, -8.67610783e-02,\n",
       "        -6.62802136e-02,  6.84064482e-02,  4.62048307e-02,\n",
       "         7.62183481e-02,  2.14795819e-02,  1.28052926e-01,\n",
       "         1.64173966e-01,  2.13247337e-01,  1.00000000e+00,\n",
       "         2.23170729e-01,  1.11567247e-01,  3.97242853e-01,\n",
       "         2.31699699e-01,  1.94998464e-01,  2.30283400e-01,\n",
       "         4.11620680e-01,  2.79722748e-01, -1.11690313e-01,\n",
       "         4.09002766e-01, -1.02241922e-01, -8.31949886e-02,\n",
       "        -7.36576591e-02, -9.24393536e-02, -6.89562205e-02,\n",
       "        -1.19637523e-01, -1.28214758e-01, -4.56545686e-02,\n",
       "         8.30333297e-03],\n",
       "       [ 6.74171616e-01,  2.81673115e-01,  6.93134890e-01,\n",
       "         7.26628328e-01,  2.96091933e-01,  5.48905265e-01,\n",
       "         6.60390787e-01,  7.10649872e-01,  3.13892761e-01,\n",
       "         3.98299316e-02,  9.72793677e-01,  2.23170729e-01,\n",
       "         1.00000000e+00,  9.37655407e-01,  1.51075331e-01,\n",
       "         4.16322368e-01,  3.62481582e-01,  5.56264084e-01,\n",
       "         2.66487092e-01,  2.44142773e-01,  6.97200593e-01,\n",
       "         2.00370854e-01,  7.21031310e-01,  7.30712973e-01,\n",
       "         1.30054392e-01,  3.41919445e-01,  4.18898816e-01,\n",
       "         5.54897231e-01,  1.09930434e-01,  8.54325721e-02,\n",
       "        -5.56140703e-01],\n",
       "       [ 7.35863663e-01,  2.59844987e-01,  7.44982694e-01,\n",
       "         8.00085921e-01,  2.46552432e-01,  4.55652852e-01,\n",
       "         6.17426806e-01,  6.90298540e-01,  2.23970219e-01,\n",
       "        -9.01702475e-02,  9.51830112e-01,  1.11567247e-01,\n",
       "         9.37655407e-01,  1.00000000e+00,  7.51503381e-02,\n",
       "         2.84840057e-01,  2.70894726e-01,  4.15729568e-01,\n",
       "         1.34108980e-01,  1.27070903e-01,  7.57373189e-01,\n",
       "         1.96496649e-01,  7.61212636e-01,  8.11407961e-01,\n",
       "         1.25389431e-01,  2.83256538e-01,  3.85100136e-01,\n",
       "         5.38166314e-01,  7.41262916e-02,  1.75392951e-02,\n",
       "        -5.48235940e-01],\n",
       "       [-2.22600125e-01,  6.61377735e-03, -2.02694026e-01,\n",
       "        -1.66776667e-01,  3.32375443e-01,  1.35299268e-01,\n",
       "         9.85637458e-02,  2.76533084e-02,  1.87321165e-01,\n",
       "         4.01964425e-01,  1.64514220e-01,  3.97242853e-01,\n",
       "         1.51075331e-01,  7.51503381e-02,  1.00000000e+00,\n",
       "         3.36696081e-01,  2.68684760e-01,  3.28429499e-01,\n",
       "         4.13506125e-01,  4.27374207e-01, -2.30690710e-01,\n",
       "        -7.47429649e-02, -2.17303755e-01, -1.82195478e-01,\n",
       "         3.14457456e-01, -5.55581387e-02, -5.82983867e-02,\n",
       "        -1.02006796e-01, -1.07342098e-01,  1.01480315e-01,\n",
       "         6.70160106e-02],\n",
       "       [ 2.05999980e-01,  1.91974611e-01,  2.50743681e-01,\n",
       "         2.12582551e-01,  3.18943297e-01,  7.38721790e-01,\n",
       "         6.70278825e-01,  4.90424250e-01,  4.21659147e-01,\n",
       "         5.59836691e-01,  3.56064576e-01,  2.31699699e-01,\n",
       "         4.16322368e-01,  2.84840057e-01,  3.36696081e-01,\n",
       "         1.00000000e+00,  8.01268343e-01,  7.44082668e-01,\n",
       "         3.94712835e-01,  8.03268818e-01,  2.04607166e-01,\n",
       "         1.43002583e-01,  2.60515840e-01,  1.99371329e-01,\n",
       "         2.27394232e-01,  6.78780354e-01,  6.39146698e-01,\n",
       "         4.83208327e-01,  2.77878431e-01,  5.90972763e-01,\n",
       "        -2.92999244e-01],\n",
       "       [ 1.94203623e-01,  1.43293077e-01,  2.28082345e-01,\n",
       "         2.07660060e-01,  2.48395680e-01,  5.70516871e-01,\n",
       "         6.91270208e-01,  4.39167068e-01,  3.42627023e-01,\n",
       "         4.46630322e-01,  3.32357538e-01,  1.94998464e-01,\n",
       "         3.62481582e-01,  2.70894726e-01,  2.68684760e-01,\n",
       "         8.01268343e-01,  1.00000000e+00,  7.71803995e-01,\n",
       "         3.09428578e-01,  7.27372184e-01,  1.86903516e-01,\n",
       "         1.00240984e-01,  2.26680426e-01,  1.88352652e-01,\n",
       "         1.68481321e-01,  4.84857801e-01,  6.62564134e-01,\n",
       "         4.40472263e-01,  1.97787822e-01,  4.39329269e-01,\n",
       "        -2.53729766e-01],\n",
       "       [ 3.76168956e-01,  1.63851025e-01,  4.07216916e-01,\n",
       "         3.72320282e-01,  3.80675691e-01,  6.42261851e-01,\n",
       "         6.83259917e-01,  6.15634131e-01,  3.93297872e-01,\n",
       "         3.41198044e-01,  5.13346441e-01,  2.30283400e-01,\n",
       "         5.56264084e-01,  4.15729568e-01,  3.28429499e-01,\n",
       "         7.44082668e-01,  7.71803995e-01,  1.00000000e+00,\n",
       "         3.12780223e-01,  6.11044139e-01,  3.58126669e-01,\n",
       "         8.67412099e-02,  3.94999252e-01,  3.42271162e-01,\n",
       "         2.15350597e-01,  4.52888377e-01,  5.49592375e-01,\n",
       "         6.02449606e-01,  1.43115669e-01,  3.10654551e-01,\n",
       "        -4.08042333e-01],\n",
       "       [-1.04320881e-01,  9.12716776e-03, -8.16293270e-02,\n",
       "        -7.24965882e-02,  2.00774376e-01,  2.29976591e-01,\n",
       "         1.78009208e-01,  9.53507869e-02,  4.49136542e-01,\n",
       "         3.45007397e-01,  2.40567362e-01,  4.11620680e-01,\n",
       "         2.66487092e-01,  1.34108980e-01,  4.13506125e-01,\n",
       "         3.94712835e-01,  3.09428578e-01,  3.12780223e-01,\n",
       "         1.00000000e+00,  3.69078083e-01, -1.28120769e-01,\n",
       "        -7.74734202e-02, -1.03753044e-01, -1.10342743e-01,\n",
       "        -1.26617996e-02,  6.02548795e-02,  3.71190486e-02,\n",
       "        -3.04133964e-02,  3.89402485e-01,  7.80794763e-02,\n",
       "         6.52175587e-03],\n",
       "       [-4.26412691e-02,  5.44575196e-02, -5.52339106e-03,\n",
       "        -1.98869632e-02,  2.83606699e-01,  5.07318127e-01,\n",
       "         4.49300749e-01,  2.57583746e-01,  3.31786146e-01,\n",
       "         6.88131577e-01,  2.27753533e-01,  2.79722748e-01,\n",
       "         2.44142773e-01,  1.27070903e-01,  4.27374207e-01,\n",
       "         8.03268818e-01,  7.27372184e-01,  6.11044139e-01,\n",
       "         3.69078083e-01,  1.00000000e+00, -3.74876179e-02,\n",
       "        -3.19502887e-03, -1.00039763e-03, -2.27361473e-02,\n",
       "         1.70568316e-01,  3.90158842e-01,  3.79974661e-01,\n",
       "         2.15204013e-01,  1.11093956e-01,  5.91328066e-01,\n",
       "        -7.79724174e-02],\n",
       "       [ 9.69538973e-01,  3.52572947e-01,  9.69476363e-01,\n",
       "         9.62746086e-01,  2.13120142e-01,  5.35315398e-01,\n",
       "         6.88236408e-01,  8.30317631e-01,  1.85727753e-01,\n",
       "        -2.53691495e-01,  7.15065195e-01, -1.11690313e-01,\n",
       "         6.97200593e-01,  7.57373189e-01, -2.30690710e-01,\n",
       "         2.04607166e-01,  1.86903516e-01,  3.58126669e-01,\n",
       "        -1.28120769e-01, -3.74876179e-02,  1.00000000e+00,\n",
       "         3.59920754e-01,  9.93707916e-01,  9.84014564e-01,\n",
       "         2.16574431e-01,  4.75820037e-01,  5.73974708e-01,\n",
       "         7.87423852e-01,  2.43529204e-01,  9.34919787e-02,\n",
       "        -7.76453779e-01],\n",
       "       [ 2.97007644e-01,  9.12044589e-01,  3.03038372e-01,\n",
       "         2.87488627e-01,  3.60717988e-02,  2.48132833e-01,\n",
       "         2.99878889e-01,  2.92751713e-01,  9.06506881e-02,\n",
       "        -5.12692020e-02,  1.94798557e-01,  4.09002766e-01,\n",
       "         2.00370854e-01,  1.96496649e-01, -7.47429649e-02,\n",
       "         1.43002583e-01,  1.00240984e-01,  8.67412099e-02,\n",
       "        -7.74734202e-02, -3.19502887e-03,  3.59920754e-01,\n",
       "         1.00000000e+00,  3.65098245e-01,  3.45842283e-01,\n",
       "         2.25429415e-01,  3.60832339e-01,  3.68365607e-01,\n",
       "         3.59754610e-01,  2.33027461e-01,  2.19122425e-01,\n",
       "        -4.56902821e-01],\n",
       "       [ 9.65136514e-01,  3.58039575e-01,  9.70386887e-01,\n",
       "         9.59119574e-01,  2.38852626e-01,  5.90210428e-01,\n",
       "         7.29564917e-01,  8.55923128e-01,  2.19168559e-01,\n",
       "        -2.05151211e-01,  7.19683804e-01, -1.02241922e-01,\n",
       "         7.21031310e-01,  7.61212636e-01, -2.17303755e-01,\n",
       "         2.60515840e-01,  2.26680426e-01,  3.94999252e-01,\n",
       "        -1.03753044e-01, -1.00039763e-03,  9.93707916e-01,\n",
       "         3.65098245e-01,  1.00000000e+00,  9.77578091e-01,\n",
       "         2.36774604e-01,  5.29407690e-01,  6.18344080e-01,\n",
       "         8.16322102e-01,  2.69492769e-01,  1.38956862e-01,\n",
       "        -7.82914137e-01],\n",
       "       [ 9.41082460e-01,  3.43545947e-01,  9.41549808e-01,\n",
       "         9.59213326e-01,  2.06718363e-01,  5.09603806e-01,\n",
       "         6.75987231e-01,  8.09629620e-01,  1.77193377e-01,\n",
       "        -2.31854451e-01,  7.51548476e-01, -8.31949886e-02,\n",
       "         7.30712973e-01,  8.11407961e-01, -1.82195478e-01,\n",
       "         1.99371329e-01,  1.88352652e-01,  3.42271162e-01,\n",
       "        -1.10342743e-01, -2.27361473e-02,  9.84014564e-01,\n",
       "         3.45842283e-01,  9.77578091e-01,  1.00000000e+00,\n",
       "         2.09145334e-01,  4.38296284e-01,  5.43330525e-01,\n",
       "         7.47418802e-01,  2.09145508e-01,  7.96470340e-02,\n",
       "        -7.33825035e-01],\n",
       "       [ 1.19616140e-01,  7.75033588e-02,  1.50549404e-01,\n",
       "         1.23522939e-01,  8.05324195e-01,  5.65541166e-01,\n",
       "         4.48822038e-01,  4.52753054e-01,  4.26675026e-01,\n",
       "         5.04942075e-01,  1.41918553e-01, -7.36576591e-02,\n",
       "         1.30054392e-01,  1.25389431e-01,  3.14457456e-01,\n",
       "         2.27394232e-01,  1.68481321e-01,  2.15350597e-01,\n",
       "        -1.26617996e-02,  1.70568316e-01,  2.16574431e-01,\n",
       "         2.25429415e-01,  2.36774604e-01,  2.09145334e-01,\n",
       "         1.00000000e+00,  5.68186517e-01,  5.18523293e-01,\n",
       "         5.47690903e-01,  4.93838330e-01,  6.17624192e-01,\n",
       "        -4.21464861e-01],\n",
       "       [ 4.13462823e-01,  2.77829592e-01,  4.55774228e-01,\n",
       "         3.90410309e-01,  4.72468444e-01,  8.65809040e-01,\n",
       "         7.54968016e-01,  6.67453677e-01,  4.73200013e-01,\n",
       "         4.58798157e-01,  2.87103166e-01, -9.24393536e-02,\n",
       "         3.41919445e-01,  2.83256538e-01, -5.55581387e-02,\n",
       "         6.78780354e-01,  4.84857801e-01,  4.52888377e-01,\n",
       "         6.02548795e-02,  3.90158842e-01,  4.75820037e-01,\n",
       "         3.60832339e-01,  5.29407690e-01,  4.38296284e-01,\n",
       "         5.68186517e-01,  1.00000000e+00,  8.92260899e-01,\n",
       "         8.01080365e-01,  6.14440501e-01,  8.10454856e-01,\n",
       "        -5.90998238e-01],\n",
       "       [ 5.26911462e-01,  3.01025224e-01,  5.63879263e-01,\n",
       "         5.12605920e-01,  4.34925715e-01,  8.16275250e-01,\n",
       "         8.84102639e-01,  7.52399498e-01,  4.33721008e-01,\n",
       "         3.46233876e-01,  3.80584635e-01, -6.89562205e-02,\n",
       "         4.18898816e-01,  3.85100136e-01, -5.82983867e-02,\n",
       "         6.39146698e-01,  6.62564134e-01,  5.49592375e-01,\n",
       "         3.71190486e-02,  3.79974661e-01,  5.73974708e-01,\n",
       "         3.68365607e-01,  6.18344080e-01,  5.43330525e-01,\n",
       "         5.18523293e-01,  8.92260899e-01,  1.00000000e+00,\n",
       "         8.55433860e-01,  5.32519729e-01,  6.86510921e-01,\n",
       "        -6.59610210e-01],\n",
       "       [ 7.44214198e-01,  2.95315843e-01,  7.71240789e-01,\n",
       "         7.22016626e-01,  5.03053353e-01,  8.15573224e-01,\n",
       "         8.61323034e-01,  9.10155314e-01,  4.30296611e-01,\n",
       "         1.75325449e-01,  5.31062328e-01, -1.19637523e-01,\n",
       "         5.54897231e-01,  5.38166314e-01, -1.02006796e-01,\n",
       "         4.83208327e-01,  4.40472263e-01,  6.02449606e-01,\n",
       "        -3.04133964e-02,  2.15204013e-01,  7.87423852e-01,\n",
       "         3.59754610e-01,  8.16322102e-01,  7.47418802e-01,\n",
       "         5.47690903e-01,  8.01080365e-01,  8.55433860e-01,\n",
       "         1.00000000e+00,  5.02528494e-01,  5.11114146e-01,\n",
       "        -7.93566017e-01],\n",
       "       [ 1.63953335e-01,  1.05007910e-01,  1.89115040e-01,\n",
       "         1.43569914e-01,  3.94309482e-01,  5.10223430e-01,\n",
       "         4.09464127e-01,  3.75744145e-01,  6.99825798e-01,\n",
       "         3.34018684e-01,  9.45428304e-02, -1.28214758e-01,\n",
       "         1.09930434e-01,  7.41262916e-02, -1.07342098e-01,\n",
       "         2.77878431e-01,  1.97787822e-01,  1.43115669e-01,\n",
       "         3.89402485e-01,  1.11093956e-01,  2.43529204e-01,\n",
       "         2.33027461e-01,  2.69492769e-01,  2.09145508e-01,\n",
       "         4.93838330e-01,  6.14440501e-01,  5.32519729e-01,\n",
       "         5.02528494e-01,  1.00000000e+00,  5.37848206e-01,\n",
       "        -4.16294311e-01],\n",
       "       [ 7.06588569e-03,  1.19205351e-01,  5.10185297e-02,\n",
       "         3.73759735e-03,  4.99316369e-01,  6.87382323e-01,\n",
       "         5.14929891e-01,  3.68661134e-01,  4.38413498e-01,\n",
       "         7.67296779e-01,  4.95594325e-02, -4.56545686e-02,\n",
       "         8.54325721e-02,  1.75392951e-02,  1.01480315e-01,\n",
       "         5.90972763e-01,  4.39329269e-01,  3.10654551e-01,\n",
       "         7.80794763e-02,  5.91328066e-01,  9.34919787e-02,\n",
       "         2.19122425e-01,  1.38956862e-01,  7.96470340e-02,\n",
       "         6.17624192e-01,  8.10454856e-01,  6.86510921e-01,\n",
       "         5.11114146e-01,  5.37848206e-01,  1.00000000e+00,\n",
       "        -3.23872189e-01],\n",
       "       [-7.30028511e-01, -4.15185300e-01, -7.42635530e-01,\n",
       "        -7.08983837e-01, -3.58559965e-01, -5.96533678e-01,\n",
       "        -6.96359707e-01, -7.76613840e-01, -3.30498554e-01,\n",
       "         1.28376027e-02, -5.67133821e-01,  8.30333297e-03,\n",
       "        -5.56140703e-01, -5.48235940e-01,  6.70160106e-02,\n",
       "        -2.92999244e-01, -2.53729766e-01, -4.08042333e-01,\n",
       "         6.52175587e-03, -7.79724174e-02, -7.76453779e-01,\n",
       "        -4.56902821e-01, -7.82914137e-01, -7.33825035e-01,\n",
       "        -4.21464861e-01, -5.90998238e-01, -6.59610210e-01,\n",
       "        -7.93566017e-01, -4.16294311e-01, -3.23872189e-01,\n",
       "         1.00000000e+00]])"
      ]
     },
     "execution_count": 28,
     "metadata": {},
     "output_type": "execute_result"
    }
   ],
   "source": [
    "corr(np.c_[X, y])"
   ]
  },
  {
   "cell_type": "code",
   "execution_count": 44,
   "metadata": {},
   "outputs": [
    {
     "data": {
      "text/plain": [
       "array([27, 22,  7, 20,  2, 23,  0,  3,  6, 26,  5, 25, 10, 12, 13, 21, 24,\n",
       "       28,  1, 17,  4,  8, 29, 15, 16, 19, 14,  9, 11, 18])"
      ]
     },
     "execution_count": 44,
     "metadata": {},
     "output_type": "execute_result"
    }
   ],
   "source": [
    "corr_lst = [abs(spearmen_rank_correlation(x, y)) for x in X.T]\n",
    "np.argsort(corr_lst)[::-1]"
   ]
  },
  {
   "cell_type": "code",
   "execution_count": 46,
   "metadata": {},
   "outputs": [
    {
     "data": {
      "text/plain": [
       "0.7935660171412697"
      ]
     },
     "execution_count": 46,
     "metadata": {},
     "output_type": "execute_result"
    },
    {
     "data": {
      "text/plain": [
       "0.0065217558706479415"
      ]
     },
     "execution_count": 46,
     "metadata": {},
     "output_type": "execute_result"
    }
   ],
   "source": [
    "corr_lst[27]\n",
    "corr_lst[18]"
   ]
  },
  {
   "cell_type": "code",
   "execution_count": 26,
   "metadata": {
    "scrolled": false
   },
   "outputs": [
    {
     "data": {
      "text/html": [
       "<div>\n",
       "<style scoped>\n",
       "    .dataframe tbody tr th:only-of-type {\n",
       "        vertical-align: middle;\n",
       "    }\n",
       "\n",
       "    .dataframe tbody tr th {\n",
       "        vertical-align: top;\n",
       "    }\n",
       "\n",
       "    .dataframe thead th {\n",
       "        text-align: right;\n",
       "    }\n",
       "</style>\n",
       "<table border=\"1\" class=\"dataframe\">\n",
       "  <thead>\n",
       "    <tr style=\"text-align: right;\">\n",
       "      <th></th>\n",
       "      <th>0</th>\n",
       "      <th>1</th>\n",
       "      <th>2</th>\n",
       "      <th>3</th>\n",
       "      <th>4</th>\n",
       "      <th>5</th>\n",
       "      <th>6</th>\n",
       "      <th>7</th>\n",
       "      <th>8</th>\n",
       "      <th>9</th>\n",
       "      <th>...</th>\n",
       "      <th>21</th>\n",
       "      <th>22</th>\n",
       "      <th>23</th>\n",
       "      <th>24</th>\n",
       "      <th>25</th>\n",
       "      <th>26</th>\n",
       "      <th>27</th>\n",
       "      <th>28</th>\n",
       "      <th>29</th>\n",
       "      <th>30</th>\n",
       "    </tr>\n",
       "  </thead>\n",
       "  <tbody>\n",
       "    <tr>\n",
       "      <th>0</th>\n",
       "      <td>1.000000</td>\n",
       "      <td>0.340956</td>\n",
       "      <td>0.997802</td>\n",
       "      <td>0.999602</td>\n",
       "      <td>0.148510</td>\n",
       "      <td>0.497578</td>\n",
       "      <td>0.645728</td>\n",
       "      <td>0.759702</td>\n",
       "      <td>0.120242</td>\n",
       "      <td>-0.349931</td>\n",
       "      <td>...</td>\n",
       "      <td>0.314911</td>\n",
       "      <td>0.971555</td>\n",
       "      <td>0.978863</td>\n",
       "      <td>0.125789</td>\n",
       "      <td>0.491357</td>\n",
       "      <td>0.596043</td>\n",
       "      <td>0.727265</td>\n",
       "      <td>0.174698</td>\n",
       "      <td>0.044564</td>\n",
       "      <td>-0.732785</td>\n",
       "    </tr>\n",
